%YAML:1.0
---
reprojectionError: 7.6067268740760152e-01
cameraMatrix: !!opencv-matrix
   rows: 3
   cols: 3
   dt: d
   data: [ 4.8205460374201971e+02, 0., 3.2362522483612742e+02, 0.,
       4.8269325122329070e+02, 2.4401329436122325e+02, 0., 0., 1. ]
distortion: !!opencv-matrix
   rows: 5
   cols: 1
   dt: d
   data: [ -1.4915032082767083e-02, 1.4726424736565963e-01, 0., 0.,
       -4.7377325231532053e-01 ]
apertureWidth: 0.
apertureHeight: 0.
fovx: 6.7152346598720911e+01
fovy: 5.2871533583434328e+01
focalLength: 4.8205460374201971e+02
aspectRatio: 1.0013248446883680e+00
principalPoint: [ 3.2362522483612742e+02, 2.4369044237303928e+02 ]
