%YAML:1.0
---
Y12345678910111: !!opencv-matrix
   rows: 1
   cols: 250
   dt: f
   data: [ 3.87025088e-01, 3.87508154e-01, 3.87472004e-01,
       3.87005448e-01, 3.87540549e-01, 3.87477845e-01, 3.87557477e-01,
       3.86944413e-01, 3.86962026e-01, 3.87555867e-01, 3.87533218e-01,
       3.87476087e-01, 3.87481153e-01, 3.86875331e-01, 3.86924863e-01,
       3.87546152e-01, 3.87517422e-01, 3.87478203e-01, 3.87495130e-01,
       3.87502015e-01, 3.87591511e-01, 3.87498319e-01, 3.87545526e-01,
       3.87488723e-01, 3.87507111e-01, 3.87469023e-01, 3.87460411e-01,
       3.86860192e-01, 3.87560815e-01, 3.87549460e-01, 3.87490898e-01,
       3.87932658e-01, 3.86977255e-01, 3.86911601e-01, 3.86970460e-01,
       3.86973202e-01, 3.87017518e-01, 3.86923641e-01, 3.86897355e-01,
       3.87005448e-01, 3.87554824e-01, 3.86983901e-01, 3.86862844e-01,
       3.86894166e-01, 3.87975723e-01, 3.87481183e-01, 3.87549371e-01,
       3.86908919e-01, 3.87005717e-01, 3.86960655e-01, 3.86933357e-01,
       3.86847705e-01, 3.87489617e-01, 3.87936980e-01, 3.87045085e-01,
       3.87441397e-01, 3.86830032e-01, 3.87017518e-01, 3.87045056e-01,
       3.86873662e-01, 3.86868238e-01, 3.86871606e-01, 3.86989057e-01,
       3.86894345e-01, 3.86894017e-01, 3.86830032e-01, 3.87447834e-01,
       3.87075871e-01, 3.86809140e-01, 3.86930645e-01, 3.86898786e-01,
       3.86979848e-01, 3.87965977e-01, 3.87879729e-01, 3.87461394e-01,
       3.86859506e-01, 3.87957573e-01, 3.86865646e-01, 3.86882424e-01,
       3.88059080e-01, 3.86869848e-01, 3.86937678e-01, 3.87811154e-01,
       3.86954248e-01, 3.86973977e-01, 3.87358397e-01, 3.87487084e-01,
       3.86832297e-01, 3.87243003e-01, 3.87975991e-01, 3.86925191e-01,
       3.86957109e-01, 3.86945993e-01, 3.87493819e-01, 3.87865961e-01,
       3.86852860e-01, 3.87271106e-01, 3.86815399e-01, 3.86922687e-01,
       3.87037396e-01, 3.86810750e-01, 3.87497813e-01, 3.86822283e-01,
       3.87909859e-01, 3.86804789e-01, 3.86925817e-01, 3.86849105e-01,
       3.87889862e-01, 3.87439460e-01, 3.87497216e-01, 3.87582093e-01,
       3.87843937e-01, 3.86816353e-01, 3.87641251e-01, 3.87513161e-01,
       3.87036085e-01, 3.87076199e-01, 3.87538582e-01, 3.87814403e-01,
       3.87554199e-01, 3.86926234e-01, 3.86974752e-01, 3.87014955e-01,
       3.86933357e-01, 3.87154043e-01, 3.87640297e-01, 3.87066513e-01,
       3.86954337e-01, 3.87831897e-01, 3.87485653e-01, 3.86856198e-01,
       3.87340963e-01, 3.87153804e-01, 3.87657106e-01, 3.86914492e-01,
       3.86917889e-01, 3.86809260e-01, 3.87468994e-01, 3.86824965e-01,
       3.87416303e-01, 3.86945873e-01, 3.87500793e-01, 3.87420058e-01,
       3.88002813e-01, 3.87877584e-01, 3.86905074e-01, 3.87958109e-01,
       3.87396872e-01, 3.86886150e-01, 3.87940168e-01, 3.87011260e-01,
       3.87001425e-01, 3.86768818e-01, 3.86801809e-01, 3.87915730e-01,
       3.87366772e-01, 3.87123883e-01, 3.87148529e-01, 3.87256235e-01,
       3.86972129e-01, 3.87585163e-01, 3.86852443e-01, 3.86824399e-01,
       3.86910349e-01, 3.87242824e-01, 3.86848032e-01, 3.87374640e-01,
       3.86906087e-01, 3.87709677e-01, 3.87171417e-01, 3.86926532e-01,
       3.87015134e-01, 3.86983842e-01, 3.86985660e-01, 3.87064427e-01,
       3.87476385e-01, 3.87008756e-01, 3.86894017e-01, 3.87579113e-01,
       3.87857765e-01, 3.87248188e-01, 3.87807101e-01, 3.87135625e-01,
       3.86853218e-01, 3.87657672e-01, 3.87394994e-01, 3.87020409e-01,
       3.87006074e-01, 3.87916595e-01, 3.87697935e-01, 3.86989534e-01,
       3.87188256e-01, 3.87594551e-01, 3.87218714e-01, 3.87031674e-01,
       3.87546033e-01, 3.86900038e-01, 3.87034833e-01, 3.87821466e-01,
       3.87456626e-01, 3.87132049e-01, 3.87131989e-01, 3.87462199e-01,
       3.88059080e-01, 3.87158096e-01, 3.87825161e-01, 3.87402207e-01,
       3.87729079e-01, 3.87093902e-01, 3.87949467e-01, 3.87013465e-01,
       3.87097597e-01, 3.87684166e-01, 3.87190342e-01, 3.86837751e-01,
       3.87428582e-01, 3.87866735e-01, 3.87760729e-01, 3.87941778e-01,
       3.86999011e-01, 3.87520790e-01, 3.86818111e-01, 3.87048781e-01,
       3.86995614e-01, 3.87128532e-01, 3.87464374e-01, 3.87414962e-01,
       3.87043476e-01, 3.86906087e-01, 3.87729138e-01, 3.87912571e-01,
       3.87125075e-01, 3.87960017e-01, 3.87439460e-01, 3.87127459e-01,
       3.86526018e-01, 3.87125045e-01, 3.87545288e-01, 3.87689590e-01,
       3.87511522e-01, 3.87725055e-01, 3.87808174e-01, 3.87005448e-01,
       3.87446523e-01, 3.87052566e-01, 3.87958020e-01, 3.87838513e-01,
       3.87532234e-01, 3.87490988e-01, 3.87307346e-01 ]
