%YAML:1.0
---
X12345678910111: !!opencv-matrix
   rows: 1
   cols: 250
   dt: f
   data: [ 5.15197337e-01, 5.15080094e-01, 5.15059531e-01,
       5.15186608e-01, 5.15040934e-01, 5.15099347e-01, 5.14840484e-01,
       5.15340745e-01, 5.15370488e-01, 5.14841318e-01, 5.14837623e-01,
       5.15024960e-01, 5.14981627e-01, 5.15293181e-01, 5.15216291e-01,
       5.14763236e-01, 5.14756143e-01, 5.15096545e-01, 5.14894187e-01,
       5.15036762e-01, 5.14733851e-01, 5.15068471e-01, 5.14911175e-01,
       5.14871478e-01, 5.14816403e-01, 5.14883876e-01, 5.14931977e-01,
       5.15564024e-01, 5.14733553e-01, 5.15011847e-01, 5.15078366e-01,
       5.14927387e-01, 5.15106320e-01, 5.15332520e-01, 5.14946997e-01,
       5.15200973e-01, 5.15054226e-01, 5.15213668e-01, 5.15197992e-01,
       5.15186548e-01, 5.14784753e-01, 5.15033782e-01, 5.15347958e-01,
       5.15275478e-01, 5.14798105e-01, 5.14981747e-01, 5.14760077e-01,
       5.15203476e-01, 5.15029848e-01, 5.15146792e-01, 5.14988244e-01,
       5.15312850e-01, 5.14799297e-01, 5.14917076e-01, 5.14939904e-01,
       5.14783144e-01, 5.15269101e-01, 5.15054226e-01, 5.14939904e-01,
       5.15224576e-01, 5.15215218e-01, 5.15315711e-01, 5.15101433e-01,
       5.15074909e-01, 5.15276015e-01, 5.15268981e-01, 5.14786839e-01,
       5.14889896e-01, 5.15281618e-01, 5.15130937e-01, 5.15285611e-01,
       5.15105307e-01, 5.14902294e-01, 5.14776766e-01, 5.15098155e-01,
       5.15457571e-01, 5.14647245e-01, 5.15154719e-01, 5.15143752e-01,
       5.14616609e-01, 5.15567183e-01, 5.15276551e-01, 5.15033066e-01,
       5.14915168e-01, 5.15210748e-01, 5.14906108e-01, 5.15080035e-01,
       5.15337586e-01, 5.15298188e-01, 5.14797151e-01, 5.15060127e-01,
       5.15023470e-01, 5.15054822e-01, 5.14895082e-01, 5.14883161e-01,
       5.15294671e-01, 5.14870167e-01, 5.15307426e-01, 5.15108943e-01,
       5.14913619e-01, 5.15286744e-01, 5.15143752e-01, 5.15217483e-01,
       5.14540017e-01, 5.15713096e-01, 5.15116751e-01, 5.15311301e-01,
       5.14922500e-01, 5.14884591e-01, 5.15119791e-01, 5.14864087e-01,
       5.14976501e-01, 5.15213609e-01, 5.14811039e-01, 5.14712155e-01,
       5.15195847e-01, 5.15357792e-01, 5.14661431e-01, 5.15033960e-01,
       5.14711559e-01, 5.15338182e-01, 5.15017748e-01, 5.15298843e-01,
       5.14988244e-01, 5.14880419e-01, 5.14666438e-01, 5.15143335e-01,
       5.15065253e-01, 5.14974117e-01, 5.14791191e-01, 5.15456498e-01,
       5.15131950e-01, 5.14879227e-01, 5.14731705e-01, 5.14927566e-01,
       5.15298247e-01, 5.15229106e-01, 5.14883876e-01, 5.15437961e-01,
       5.14807105e-01, 5.15069366e-01, 5.15090406e-01, 5.14946222e-01,
       5.14669061e-01, 5.14905930e-01, 5.15041232e-01, 5.14532208e-01,
       5.15231431e-01, 5.15440464e-01, 5.14712572e-01, 5.15282750e-01,
       5.15004337e-01, 5.15351474e-01, 5.15111864e-01, 5.14913678e-01,
       5.15054405e-01, 5.14837980e-01, 5.14756620e-01, 5.14747202e-01,
       5.15385985e-01, 5.14946580e-01, 5.15319288e-01, 5.15042663e-01,
       5.15363336e-01, 5.15297890e-01, 5.15423477e-01, 5.15199244e-01,
       5.15194356e-01, 5.15060246e-01, 5.15250683e-01, 5.15328705e-01,
       5.15115917e-01, 5.15033782e-01, 5.14925659e-01, 5.15913486e-01,
       5.15182257e-01, 5.15204191e-01, 5.15276015e-01, 5.15178323e-01,
       5.15107036e-01, 5.14208794e-01, 5.14963806e-01, 5.14896631e-01,
       5.15061617e-01, 5.14924109e-01, 5.14815986e-01, 5.14935493e-01,
       5.15231371e-01, 5.14907658e-01, 5.15198290e-01, 5.15176713e-01,
       5.14722228e-01, 5.14632583e-01, 5.14871955e-01, 5.15267253e-01,
       5.15177846e-01, 5.14991820e-01, 5.15118122e-01, 5.14843702e-01,
       5.14767647e-01, 5.14788151e-01, 5.14764071e-01, 5.14668941e-01,
       5.14616549e-01, 5.14771521e-01, 5.14992118e-01, 5.14771461e-01,
       5.15129566e-01, 5.14932752e-01, 5.14941752e-01, 5.15282393e-01,
       5.15257239e-01, 5.15014589e-01, 5.14598250e-01, 5.15083015e-01,
       5.14916241e-01, 5.14804900e-01, 5.15105486e-01, 5.14674544e-01,
       5.14928639e-01, 5.15227318e-01, 5.15262544e-01, 5.15092790e-01,
       5.15052795e-01, 5.15352726e-01, 5.15135348e-01, 5.14757097e-01,
       5.15128493e-01, 5.15194356e-01, 5.15129626e-01, 5.14967024e-01,
       5.14944553e-01, 5.14509976e-01, 5.14884651e-01, 5.15263796e-01,
       5.15403986e-01, 5.14944613e-01, 5.14768302e-01, 5.14851689e-01,
       5.15140235e-01, 5.15172064e-01, 5.15038550e-01, 5.15033662e-01,
       5.15239358e-01, 5.14999092e-01, 5.14532149e-01, 5.14624774e-01,
       5.15071809e-01, 5.15078306e-01, 5.14948189e-01 ]
