%YAML:1.0
---
Z12345678910111: !!opencv-matrix
   rows: 1
   cols: 250
   dt: f
   data: [ -7.63477623e-01, -7.63319492e-01, -7.63360322e-01,
       -7.63503075e-01, -7.63331354e-01, -7.63340533e-01,
       -7.63462007e-01, -7.63426006e-01, -7.63394117e-01,
       -7.63460100e-01, -7.63473332e-01, -7.63381124e-01,
       -7.63400435e-01, -7.63490379e-01, -7.63519943e-01,
       -7.63521373e-01, -7.63539851e-01, -7.63326764e-01,
       -7.63461351e-01, -7.63370872e-01, -7.63517976e-01,
       -7.63334870e-01, -7.63419747e-01, -7.63476968e-01,
       -7.63499856e-01, -7.63476849e-01, -7.63451576e-01,
       -7.63321102e-01, -7.63533711e-01, -7.63348579e-01,
       -7.63334453e-01, -7.63214231e-01, -7.63568342e-01,
       -7.63449311e-01, -7.63678074e-01, -7.63496578e-01,
       -7.63582766e-01, -7.63522923e-01, -7.63545394e-01,
       -7.63503134e-01, -7.63507247e-01, -7.63613045e-01,
       -7.63455570e-01, -7.63495803e-01, -7.63284445e-01,
       -7.63400316e-01, -7.63521671e-01, -7.63534486e-01,
       -7.63605595e-01, -7.63544619e-01, -7.63664246e-01,
       -7.63493299e-01, -7.63523042e-01, -7.63228655e-01,
       -7.63646066e-01, -7.63536751e-01, -7.63530374e-01,
       -7.63582766e-01, -7.63646066e-01, -7.63539612e-01,
       -7.63547242e-01, -7.63476491e-01, -7.63565004e-01,
       -7.63629198e-01, -7.63495922e-01, -7.63530493e-01,
       -7.63529897e-01, -7.63665378e-01, -7.63533473e-01,
       -7.63574123e-01, -7.63486743e-01, -7.63567686e-01,
       -7.63223529e-01, -7.63337076e-01, -7.63334990e-01,
       -7.63394296e-01, -7.63395190e-01, -7.63588309e-01,
       -7.63588667e-01, -7.63345957e-01, -7.63300955e-01,
       -7.63475776e-01, -7.63204217e-01, -7.63707578e-01,
       -7.63494611e-01, -7.63519526e-01, -7.63340533e-01,
       -7.63484478e-01, -7.63335943e-01, -7.63284981e-01,
       -7.63624191e-01, -7.63632119e-01, -7.63618052e-01,
       -7.63461471e-01, -7.63275981e-01, -7.63504922e-01,
       -7.63669133e-01, -7.63513267e-01, -7.63592482e-01,
       -7.63667464e-01, -7.63529778e-01, -7.63285935e-01,
       -7.63569832e-01, -7.63493419e-01, -7.63247609e-01,
       -7.63585746e-01, -7.63494313e-01, -7.63239622e-01,
       -7.63489246e-01, -7.63301134e-01, -7.63437331e-01,
       -7.63227046e-01, -7.63576508e-01, -7.63439357e-01,
       -7.63567626e-01, -7.63472736e-01, -7.63350070e-01,
       -7.63567805e-01, -7.63202369e-01, -7.63551056e-01,
       -7.63449192e-01, -7.63625622e-01, -7.63423860e-01,
       -7.63664246e-01, -7.63639331e-01, -7.63531506e-01,
       -7.63498008e-01, -7.63605952e-01, -7.63224781e-01,
       -7.63529241e-01, -7.63396621e-01, -7.63372660e-01,
       -7.63639390e-01, -7.63488352e-01, -7.63719678e-01,
       -7.63469160e-01, -7.63568997e-01, -7.63476908e-01,
       -7.63415933e-01, -7.63550878e-01, -7.63607800e-01,
       -7.63319731e-01, -7.63460755e-01, -7.63357162e-01,
       -7.63257027e-01, -7.63646722e-01, -7.63474524e-01,
       -7.63279140e-01, -7.63391316e-01, -7.63359189e-01,
       -7.63432682e-01, -7.63623953e-01, -7.63507247e-01,
       -7.63650775e-01, -7.63241172e-01, -7.63410330e-01,
       -7.63675153e-01, -7.63718128e-01, -7.63673723e-01,
       -7.63382792e-01, -7.63378859e-01, -7.63484955e-01,
       -7.63685584e-01, -7.63424218e-01, -7.63335884e-01,
       -7.63416946e-01, -7.63309360e-01, -7.63543546e-01,
       -7.63243735e-01, -7.63383329e-01, -7.63444185e-01,
       -7.63542295e-01, -7.63613105e-01, -7.63681471e-01,
       -7.63097525e-01, -7.63266742e-01, -7.63494909e-01,
       -7.63495922e-01, -7.63218701e-01, -7.63129711e-01,
       -7.64038444e-01, -7.63256252e-01, -7.63633907e-01,
       -7.63658404e-01, -7.63352096e-01, -7.63555706e-01,
       -7.63667285e-01, -7.63469517e-01, -7.63236821e-01,
       -7.63156772e-01, -7.63516665e-01, -7.63616800e-01,
       -7.63601422e-01, -7.63607681e-01, -7.63434649e-01,
       -7.62911618e-01, -7.63681114e-01, -7.63531268e-01,
       -7.63329148e-01, -7.63576984e-01, -7.63702571e-01,
       -7.63729930e-01, -7.63617754e-01, -7.63345957e-01,
       -7.63703704e-01, -7.63223946e-01, -7.63585210e-01,
       -7.63175368e-01, -7.63627172e-01, -7.63211429e-01,
       -7.63431728e-01, -7.63382435e-01, -7.63281465e-01,
       -7.63810575e-01, -7.63651788e-01, -7.63481498e-01,
       -7.63349533e-01, -7.63179660e-01, -7.63383031e-01,
       -7.63677418e-01, -7.63219655e-01, -7.63529539e-01,
       -7.63541162e-01, -7.63602257e-01, -7.63328135e-01,
       -7.63310134e-01, -7.63587773e-01, -7.63518453e-01,
       -7.63543546e-01, -7.63175309e-01, -7.63214886e-01,
       -7.63607442e-01, -7.63488770e-01, -7.63489246e-01,
       -7.63377726e-01, -7.63600945e-01, -7.63607442e-01,
       -7.63518691e-01, -7.63386607e-01, -7.63278663e-01,
       -7.63149917e-01, -7.63195217e-01, -7.63557494e-01,
       -7.63290584e-01, -7.63609409e-01, -7.63474584e-01,
       -7.63473392e-01, -7.63313055e-01, -7.63334453e-01,
       -7.63485789e-01 ]
